    182 240
       192 240
       202 242
       209 244
       217 244
       225 245
       234 248
       223 258
       214 262
       206 262
       198 259
       190 252
       185 241
       201 245
       209 247
       216 247
       230 248
       215 255
       208 255
       200 252 
       165 173
       175 167
       185 167
       196 170
       206 175 
       233 180
       243 178
       253 179
       262 182
       268 190 
       179 187
       186 185
       194 187
       200 193
       192 193
       184 191 
       232 198
       240 195
       247 195
       253 200
       246 201
       239 200 
       218 192
       216 205
       215 218
       213 231
       199 231
       205 235
       211 238
       218 237 
       153 178
       152 196
       154 213
       155 230
       158 246
       166 261
       177 274
       189 285
       202 290
       216 288
       230 280
       243 271
       253 260
       260 247
       264 232
       269 217
       271 201