       309 283
       325 278
       340 276
       351 280
       361 278
       369 283
       373 291
       366 297
       358 297
       348 297
       337 295
       323 290
       314 283
       339 283
       350 285
       360 285
       370 290
       360 285
       350 285
       339 283 
    272 165
       289 155
       309 152
       328 156
       346 166 
       378 172
       391 168
       405 166
       417 168
       421 180 
       293 179
       304 175
       316 176
       326 183
       314 185
       301 184 
       375 190
       387 184
       399 186
       406 193
       398 196
       386 194 
       363 184
       364 201
       365 218
       366 236
       338 249
       348 252
       358 256
       366 255 
       229 181
       228 212
       227 243
       231 272
       242 298
       260 320
       283 339
       309 352
       335 357
       358 355
       373 340
       385 320
       396 297
       403 274
       409 249
       414 225
       415 201
       0 0 
       0 374
       499 0 
       499 374
