       219 563
       250 569
       275 572
       287 577
       297 575
       309 577
       317 578
       303 592
       290 597
       279 598
       266 594
       244 583
       228 567
       272 581
       285 585
       295 584
       310 581
       293 581
       283 583
       271 580 
       184 381
       212 373
       240 373
       268 380
       292 395 
       350 408
       367 402
       385 402
       400 409
       404 424 
       211 422
       231 416
       250 420
       263 437
       245 439
       226 434 
       330 450
       348 438
       366 440
       378 452
       364 459
       346 457
       314 439
       314 467
       314 496
       313 524
       269 533
       284 541
       298 549
       311 546 
       110 396
       108 441
       107 484
       113 528
       129 566
       156 599
       188 629
       221 652
       255 660
       285 657
       310 634
       335 610
       356 584
       373 554
       385 524
       394 492
       399 462
       0 0
       0 1000
       499 0 
       498 1000
