211 149
223 144
232 141
237 143
241 142
246 145
249 151
244 153
240 154
235 154
229 153
222 152
215 148
231 145
236 146
241 146
247 150
240 150
235 150
230 149
187 95
195 89
206 85
218 85
228 89
239 89
246 85
254 85
260 88
263 93
199 100
205 97
211 97
218 101
212 101
206 101
240 101
246 97
251 97
254 101
251 102
246 101
234 98
236 103
238 109
241 115
226 128
232 129
238 129
242 129
163 111
164 125
166 140
170 154
178 167
190 176
205 181
220 185
235 185
246 181
255 173
261 162
264 149
266 137
266 125
265 113
263 103
0 0
497 0
0 497
497 497
