217 389
241 388
265 386
283 387
299 382
320 377
344 373
326 405
306 422
288 427
269 426
244 415
223 390
266 391
284 391
300 387
338 376
303 409
285 413
268 412
162 290
176 268
200 256
227 254
252 262
279 257
301 242
327 236
353 240
369 260
193 292
204 285
219 281
233 286
221 290
206 293
305 277
317 269
330 266
343 271
332 275
319 276
269 278
272 302
274 326
277 351
248 359
263 363
281 368
297 359
143 307
150 340
158 371
167 401
184 429
207 455
232 478
263 495
297 497
328 484
350 459
367 428
379 398
386 368
387 338
386 307
384 274
0 0
497 0
0 497
497 497
