220 188
228 185
237 184
243 186
250 186
260 189
270 196
259 204
248 206
241 205
234 203
226 199
223 189
236 188
243 190
250 190
267 195
249 199
242 198
236 196
205 124
212 119
221 118
231 120
240 124
259 129
269 126
279 126
289 129
295 136
215 133
222 131
229 132
235 138
228 138
220 137
262 142
269 138
276 139
282 143
276 144
269 144
248 137
247 146
245 155
244 165
232 170
238 172
244 175
251 174
194 134
192 149
191 164
192 179
196 194
203 206
213 216
224 226
238 231
252 230
267 224
280 216
291 206
298 193
301 178
304 162
306 146
0 0
499 0
0 408
499 408
