271 240
290 243
307 245
315 247
323 246
330 246
337 244
327 258
319 265
311 267
302 265
287 257
275 242
306 248
314 250
322 249
332 247
321 257
313 259
304 257
252 151
268 145
284 145
299 147
313 154
345 156
354 153
364 152
372 155
376 162
269 168
280 165
290 168
299 176
288 176
278 174
338 181
347 174
356 174
363 178
357 183
347 183
327 176
328 193
329 210
330 228
303 230
312 233
322 237
329 235
217 158
216 183
216 208
218 233
229 255
246 273
266 288
285 299
303 302
317 297
328 282
340 267
353 253
363 236
370 219
373 201
374 183
0 0
497 0
0 497
497 497
