175 574
196 559
218 551
233 557
249 554
269 564
288 581
268 596
248 602
231 603
214 599
194 591
185 574
216 571
232 574
248 573
278 578
248 575
232 576
216 573
104 380
129 362
161 359
192 363
221 375
274 379
301 374
330 377
356 386
373 405
139 416
157 408
177 410
197 421
176 423
155 423
285 431
306 422
325 425
340 436
323 439
304 436
243 411
241 437
239 461
237 488
205 512
219 518
235 523
251 520
75 424
75 464
79 505
86 544
98 583
118 621
149 650
186 672
228 680
269 676
304 656
334 630
354 600
369 566
377 530
383 494
384 456
0 0
497 0
0 497
497 497
