233 135
239 130
245 129
250 129
255 128
262 129
269 133
263 143
256 147
251 147
245 147
239 143
236 135
246 132
250 132
255 132
266 134
256 141
251 142
245 141
215 84
221 81
227 81
234 83
240 86
257 88
264 84
272 82
280 81
287 85
224 95
228 92
234 92
238 96
233 98
228 98
262 96
267 92
272 92
277 95
273 97
267 97
249 94
249 101
249 108
249 115
242 120
245 121
249 123
253 121
209 95
211 107
212 118
214 129
218 139
224 149
231 158
241 165
252 167
263 165
273 159
282 151
289 141
292 130
294 119
295 107
297 95
0 0
497 0
0 497
497 497
